






一、设置上传时间间隔：
1、	发送数据：AA 55 06 20 21 00 60 00 01 66 55 AA 
	功能：设置上传时间按基准时间间隔
	期望结果：从控板按照约500ms的时间间隔上传状态数据
	测试结果：
	
2、	发送数据：AA 55 06 20 21 00 60 00 00 67 55 AA 
	功能：停止主动上传数据
	期望结果：从控板不在主动上传数据
	测试结果：	

3、	发送数据：AA 55 06 20 21 00 60 00 03 64 55 AA 
	功能：设置上传时间按基准时间间隔的3倍
	期望结果：从控板按照约1500ms时间间隔上传数据
	测试结果：
	

二、询问工作状态：
1、	发送数据：AA 55 06 20 21 00 5E FF FF 59 55 AA 
	功能：询问从控板的工作状态
	期望结果：从控板在一个程序周期内必上传一次数据，若设置关闭主动上传，则只上传1次数据
	测试结果：


三、查询剩余次数：
1、	发送数据：AA 55 06 20 21 00 5D FF FF 5A 55 AA 
	功能：查询从控板的限制抽液次数
	期望结果：从控板在一个程序周期内必将次数信息打包上传一次，
	测试结果：






四、设置限制次数：
1、	发送数据：AA 55 06 20 21 00 5C 00 66 3D 55 AA 
	功能：设置从控板的限制抽液次数
	期望结果：设置后发送查询指令，返回的次数为102+3=105=0x34
	测试结果：

2、	发送数据：AA 55 06 20 21 00 5C 00 02 59 55 AA 
	功能：设置从控板的限制抽液次数
	期望结果：设置后发送查询指令，返回的次数为2+3=5=0x05
	测试结果：

3、	发送数据：AA 55 06 20 21 00 5C FF FC 58 55 AA 
	功能：设置从控板的限制抽液次数
	期望结果：设置后发送查询指令，返回的次数为65530=0xFFFA
	测试结果：

//只关闭继电器。其他不变
AA 55 1E 20 21 00 5B 02 02 02 02 02 02 02 02 02 02 02 02  00 00 00 00 00 00  02 02  02  02 02  02 02 02 44 55 AA
//只使能3个杯孔，其他不变
AA 55 1E 20 21 00 5B 02 02 02 02 02 02 02 02 02 02 02 02  02 02 02 02 02 02  02 02  02  02 02  01 01 01 47 55 AA
//只开启继电器。其他不变
AA 55 1E 20 21 00 5B 02 02 02 02 02 02 02 02 02 02 02 02  01 01 01 01 01 01  02 02  02  02 02  02 02 02 44 55 AA

AA 55 1E 20 21 00 5B 02 02 02 02 02 02 02 02 02 02 02 02 00 00 00 00 00 00 01 02 01 00 FC 01 01 01 BB 55 AA
AA 55 1E 20 21 00 5B 02 02 02 02 02 02 02 02 02 02 02 02 00 00 00 00 00 00 01 02 01 00 FC 01 00 01 BA 55 AA

AA 55 1E 20 21 00 5B 02 02 02 02 02 02 02 02 02 02 02 02 01 01 01 01 01 01 01 02 01 00 FC 01 01 01 BB 55 AA
AA 55 1E 20 21 00 5B 01 01 01 01 01 01 01 01 01 01 01 01 01 01 01 01 01 01 01 02 01 00 FC 01 01 01 BB 55 AA

五、状态控制：
1、	数据位置：						  0  1  2  3  4  5   6  7  8  9  10 11  12 12 14 15 16 17  18        20  21 22    23 24 25
 	发送数据：AA 55 1E 20 21 00 5B *  02 02 02 02 02 02  02 02 02 02 02 02  00 00 00 00 00 00  01  02    01  00 FC    01 01 01 * BB 55 AA 
	数据说明：                功能码    红灯亮绿灯灭                           6个继电器    水流检测  			   	   3个使能
	功能：设置从控板的工作状态
	期望结果：LED保持原状态，同时使能3个杯孔
	测试结果：

2、	数据位置：						  0  1  2  3  4  5   6  7  8  9  10 11  12 12 14 15 16 17  18        20  21 22    23 24 25
 	发送数据：AA 55 1E 20 21 00 5B *  02 02 02 02 02 02  02 02 02 02 02 02  00 00 00 00 00 00  01  02    01  00 FC    00 01 00 * BB 55 AA 
	数据说明：                功能码    红灯亮绿灯灭                           6个继电器    水流检测  			   	   3个使能
	功能：设置从控板的工作状态
	期望结果：LED保持原状态，使能第二个杯孔
	测试结果：


3、	数据位置：						  0  1  2  3  4  5   6  7  8  9  10 11  12 12 14 15 16 17  18        20  21 22    23 24 25
 	发送数据：AA 55 1E 20 21 00 5B *  02 02 02 02 02 02  02 02 02 02 02 02  00 00 00 00 00 00  01  02    01  00 FC    01 00 01 * BA 55 AA 
	数据说明：                功能码    红灯亮绿灯灭                           6个继电器    水流检测  			   	   3个使能
	功能：设置从控板的工作状态
	期望结果：LED保持原状态，使能第1、3这两个个杯孔
	测试结果：
	
	
	
	
	
	

	
	